1: 99.0 93.0
99.0 92.0
99.0 92.0
99.0 93.0
99.0 93.0
99.0 93.0
99.0 92.0
99.0 92.0
99.0 92.0
99.0 92.0
99.0 92.0
99.0 92.0
99.0 92.0
99.0 92.0
99.0 92.0
99.0 92.0
99.0 91.0
97.0 90.0
96.0 90.0
96.0 90.0
95.0 91.0
93.0 92.0
90.0 93.0
90.0 93.0
90.0 93.0
79.0 99.0
77.0 100.0
74.0 102.0
73.0 101.0
71.0 101.0
69.0 100.0
68.0 97.0
68.0 97.0
65.0 83.0
65.0 83.0
65.0 83.0
65.0 83.0
65.0 83.0
65.0 83.0
65.0 83.0
65.0 83.0
65.0 83.0
23.0 32.0
22.0 30.0
22.0 29.0
22.0 28.0
23.0 28.0
24.0 28.0
24.0 28.0
25.0 27.0
26.0 26.0
26.0 24.0
26.0 24.0
25.0 25.0
25.0 25.0
25.0 25.0
25.0 24.0
25.0 24.0
25.0 24.0
25.0 24.0
25.0 24.0
25.0 24.0
25.0 24.0
25.0 24.0
25.0 24.0
25.0 24.0
25.0 24.0
25.0 24.0
25.0 24.0
26.0 24.0
25.0 24.0
25.0 23.0
26.0 24.0
25.0 24.0
24.0 23.0
25.0 24.0
25.0 24.0
26.0 24.0
26.0 24.0
26.0 23.0
26.0 24.0
26.0 23.0
26.0 23.0
26.0 24.0
26.0 23.0
26.0 24.0
26.0 24.0
26.0 23.0
26.0 24.0
26.0 24.0
26.0 24.0
26.0 24.0
26.0 24.0
26.0 23.0
25.0 24.0
25.0 23.0
25.0 24.0
25.0 24.0
25.0 24.0
25.0 24.0
25.0 24.0
25.0 24.0
25.0 23.0
23.0 24.0
24.0 24.0
24.0 24.0
22.0 24.0
22.0 24.0
24.0 24.0
25.0 25.0
27.0 28.0
27.0 28.0
27.0 28.0
27.0 28.0
27.0 28.0
27.0 28.0
27.0 28.0
27.0 28.0
27.0 28.0
27.0 28.0
27.0 28.0
27.0 28.0
27.0 28.0
27.0 28.0
91.0 77.0
91.0 77.0
91.0 78.0
91.0 78.0
91.0 78.0
91.0 78.0
91.0 78.0
91.0 78.0
91.0 78.0
91.0 78.0
91.0 78.0
91.0 78.0
91.0 78.0
91.0 78.0
91.0 78.0
91.0 78.0
91.0 78.0
90.0 76.0
89.0 76.0
88.0 76.0
87.0 75.0
84.0 76.0
84.0 76.0
84.0 76.0
84.0 76.0
84.0 76.0
84.0 76.0
74.0 80.0
72.0 80.0
71.0 80.0
71.0 79.0
70.0 78.0
70.0 75.0
69.0 71.0
69.0 71.0
69.0 71.0
69.0 71.0
69.0 71.0
69.0 71.0
69.0 71.0
69.0 71.0
69.0 71.0
43.0 33.0
42.0 31.0
40.0 31.0
39.0 31.0
38.0 32.0
36.0 32.0
33.0 33.0
31.0 33.0
29.0 34.0
27.0 34.0
25.0 35.0
24.0 38.0
21.0 40.0
23.0 44.0
25.0 46.0
29.0 45.0
29.0 45.0
29.0 45.0
29.0 45.0
49.0 61.0
30.0 66.0
30.0 66.0
30.0 66.0
30.0 66.0
44.0 65.0
43.0 66.0
42.0 67.0
43.0 67.0
44.0 68.0
44.0 68.0
44.0 68.0
49.0 71.0
47.0 69.0
47.0 69.0
47.0 69.0
47.0 68.0
46.0 68.0
45.0 68.0
45.0 68.0
46.0 68.0
46.0 68.0
46.0 68.0
45.0 68.0
46.0 69.0
46.0 69.0
46.0 69.0
46.0 69.0
45.0 69.0
46.0 70.0
46.0 70.0
45.0 69.0
46.0 69.0
46.0 70.0
46.0 70.0
44.0 71.0
43.0 70.0
42.0 70.0
42.0 70.0
41.0 69.0
43.0 70.0
43.0 70.0
43.0 70.0
43.0 70.0
43.0 70.0
43.0 70.0
43.0 70.0
46.0 71.0
46.0 71.0
46.0 71.0
46.0 71.0
46.0 71.0
46.0 71.0
46.0 68.0
45.0 69.0
45.0 68.0
46.0 68.0
45.0 61.0
41.0 58.0
40.0 59.0
38.0 59.0
38.0 59.0
38.0 59.0
37.0 58.0
37.0 57.0
37.0 57.0
37.0 57.0
38.0 57.0
38.0 57.0
38.0 57.0
37.0 56.0
37.0 56.0
37.0 56.0
36.0 56.0
37.0 57.0
37.0 57.0
36.0 57.0
36.0 57.0
37.0 57.0
38.0 57.0
36.0 56.0
36.0 56.0
37.0 57.0
37.0 57.0
36.0 56.0
36.0 56.0
37.0 57.0
37.0 57.0
36.0 57.0
37.0 57.0
37.0 57.0
35.0 57.0
35.0 57.0
35.0 57.0
36.0 58.0
36.0 58.0
36.0 59.0
34.0 67.0
34.0 67.0
34.0 67.0
30.0 86.0
28.0 88.0
27.0 88.0
27.0 88.0
25.0 86.0
21.0 82.0
20.0 80.0
18.0 77.0
15.0 74.0
14.0 72.0
15.0 70.0
15.0 68.0
18.0 63.0
16.0 58.0
16.0 56.0
16.0 54.0
14.0 47.0
12.0 40.0
23.0 64.0
23.0 64.0
23.0 64.0
23.0 64.0
23.0 64.0
29.0 69.0
29.0 69.0
29.0 69.0
29.0 69.0
29.0 69.0
29.0 69.0
29.0 69.0
29.0 69.0
29.0 69.0
18.0 69.0
18.0 69.0
18.0 69.0
19.0 3.0
19.0 3.0
19.0 3.0
19.0 3.0
19.0 3.0
109.0 38.0
108.0 43.0
108.0 45.0
108.0 45.0
108.0 44.0
109.0 44.0
110.0 44.0
110.0 44.0
110.0 44.0
108.0 45.0
106.0 47.0
104.0 48.0
103.0 47.0
103.0 47.0
103.0 47.0
103.0 47.0
102.0 47.0
101.0 47.0
101.0 48.0
101.0 48.0
101.0 48.0
101.0 48.0
102.0 48.0
102.0 48.0
102.0 48.0
102.0 48.0
102.0 48.0
99.0 49.0
97.0 52.0
96.0 55.0
95.0 56.0
95.0 56.0
94.0 56.0
93.0 55.0
92.0 54.0
92.0 54.0
92.0 54.0
92.0 53.0
90.0 49.0
89.0 44.0
89.0 40.0
87.0 36.0
87.0 35.0
89.0 35.0
89.0 35.0
87.0 35.0
88.0 36.0
88.0 37.0
89.0 38.0
89.0 38.0
89.0 38.0
88.0 37.0
90.0 35.0
90.0 35.0
90.0 35.0
90.0 35.0
90.0 35.0
90.0 35.0
90.0 35.0
44.0 11.0
45.0 10.0
47.0 12.0
51.0 18.0
51.0 18.0
51.0 18.0
51.0 18.0
51.0 18.0
60.0 53.0
35.0 59.0
35.0 62.0
34.0 62.0
36.0 63.0
34.0 63.0
33.0 63.0
32.0 63.0
32.0 63.0
32.0 63.0
32.0 63.0
32.0 63.0
33.0 63.0
33.0 62.0
33.0 62.0
33.0 63.0
33.0 63.0
32.0 62.0
33.0 62.0
34.0 63.0
33.0 63.0
33.0 63.0
32.0 63.0
32.0 62.0
33.0 63.0
32.0 62.0
33.0 62.0
34.0 62.0
34.0 62.0
34.0 62.0
34.0 62.0
34.0 62.0
33.0 64.0
28.0 70.0
28.0 70.0
23.0 79.0
19.0 82.0
16.0 82.0
13.0 81.0
11.0 81.0
13.0 80.0
13.0 78.0
14.0 78.0
13.0 74.0
13.0 72.0
12.0 74.0
11.0 75.0
12.0 72.0
13.0 66.0
12.0 61.0
11.0 57.0
13.0 54.0
12.0 51.0
13.0 51.0
15.0 51.0
16.0 52.0
16.0 53.0
18.0 52.0
21.0 46.0
21.0 46.0
21.0 46.0
28.0 52.0
28.0 52.0
28.0 52.0
28.0 52.0
28.0 52.0
44.0 10.0
45.0 12.0
46.0 17.0
46.0 23.0
46.0 23.0
46.0 23.0
46.0 23.0
46.0 23.0
46.0 23.0
46.0 23.0
46.0 23.0
46.0 23.0
46.0 23.0
46.0 23.0
46.0 23.0
46.0 23.0
35.0 56.0
37.0 56.0
38.0 56.0
39.0 57.0
39.0 59.0
37.0 59.0
38.0 59.0
38.0 57.0
38.0 57.0
38.0 58.0
39.0 59.0
40.0 58.0
40.0 57.0
39.0 56.0
41.0 57.0
39.0 56.0
39.0 56.0
39.0 55.0
40.0 55.0
41.0 56.0
40.0 56.0
40.0 57.0
39.0 56.0
39.0 56.0
41.0 57.0
39.0 57.0
37.0 64.0
35.0 69.0
34.0 75.0
30.0 80.0
30.0 83.0
29.0 82.0
30.0 82.0
29.0 80.0
29.0 77.0
29.0 74.0
28.0 73.0
26.0 69.0
24.0 61.0
24.0 61.0
24.0 52.0
21.0 48.0
23.0 47.0
19.0 43.0
20.0 36.0
22.0 24.0
22.0 24.0
22.0 24.0
22.0 24.0
22.0 24.0
22.0 24.0
22.0 24.0
22.0 24.0
22.0 24.0
22.0 24.0
32.0 20.0
32.0 20.0
32.0 20.0
32.0 20.0
32.0 20.0
32.0 20.0
32.0 20.0
32.0 20.0
32.0 20.0
32.0 20.0
32.0 20.0
32.0 20.0
32.0 20.0
32.0 20.0
32.0 20.0
32.0 20.0
38.0 56.0
37.0 56.0
163.0 56.0
163.0 56.0
164.0 56.0
164.0 56.0
164.0 56.0
164.0 56.0
164.0 56.0
164.0 56.0
164.0 56.0
164.0 56.0
164.0 56.0
164.0 56.0
164.0 56.0
164.0 56.0
164.0 56.0
164.0 56.0
164.0 56.0
164.0 56.0
164.0 56.0
164.0 56.0
164.0 56.0
164.0 56.0
164.0 56.0
164.0 56.0
164.0 56.0
164.0 56.0
164.0 56.0
164.0 56.0
164.0 56.0
164.0 56.0
164.0 56.0
164.0 56.0
164.0 56.0
164.0 56.0
164.0 56.0
164.0 56.0
164.0 56.0
164.0 56.0
164.0 56.0
164.0 56.0
164.0 56.0
164.0 56.0
164.0 56.0
164.0 56.0
164.0 56.0
164.0 56.0
164.0 56.0
164.0 56.0
164.0 56.0
164.0 56.0
164.0 56.0
164.0 56.0
164.0 56.0
164.0 56.0
164.0 56.0
164.0 56.0
164.0 56.0
164.0 56.0
164.0 56.0
164.0 56.0
164.0 56.0
164.0 56.0
164.0 56.0
164.0 56.0
164.0 56.0
164.0 56.0
164.0 56.0
164.0 56.0
164.0 56.0
164.0 56.0
164.0 56.0
164.0 56.0
164.0 56.0
164.0 56.0
164.0 56.0
164.0 56.0
164.0 56.0
164.0 56.0
164.0 56.0
164.0 56.0
164.0 56.0
164.0 56.0
164.0 56.0
164.0 56.0
164.0 56.0
164.0 56.0
164.0 56.0
164.0 56.0
164.0 56.0
164.0 56.0
164.0 56.0
164.0 56.0
164.0 56.0
164.0 56.0
164.0 56.0
164.0 56.0
164.0 56.0
164.0 56.0
164.0 56.0
164.0 56.0
164.0 56.0
164.0 56.0
164.0 56.0
164.0 56.0
164.0 56.0
164.0 56.0
164.0 56.0
164.0 56.0
164.0 56.0
164.0 56.0
164.0 56.0
164.0 56.0
164.0 56.0
164.0 56.0
164.0 56.0
164.0 56.0
164.0 56.0
164.0 56.0
164.0 56.0
164.0 56.0
164.0 56.0
164.0 56.0
164.0 56.0
164.0 56.0
164.0 56.0
164.0 56.0
164.0 56.0
164.0 56.0
164.0 56.0
164.0 56.0
164.0 56.0
164.0 56.0
164.0 56.0
164.0 56.0
164.0 56.0
164.0 56.0
164.0 56.0
164.0 56.0
164.0 56.0
164.0 56.0
164.0 56.0
164.0 56.0
164.0 56.0
164.0 56.0
164.0 56.0
164.0 56.0
164.0 56.0
164.0 56.0
164.0 56.0
164.0 56.0
164.0 56.0
164.0 56.0
164.0 56.0
164.0 56.0
164.0 56.0
164.0 56.0
164.0 56.0
164.0 56.0
164.0 56.0
164.0 56.0
164.0 56.0
164.0 56.0
164.0 56.0
164.0 56.0
164.0 56.0
164.0 56.0
164.0 56.0
164.0 56.0
164.0 56.0
164.0 56.0
164.0 56.0
164.0 56.0
164.0 56.0
164.0 56.0
164.0 56.0
164.0 56.0
164.0 56.0
164.0 56.0
164.0 56.0
164.0 56.0
164.0 56.0
164.0 56.0
164.0 56.0
164.0 56.0
164.0 56.0
164.0 56.0
164.0 56.0
164.0 56.0
164.0 56.0
164.0 56.0
164.0 56.0
164.0 56.0
164.0 56.0
164.0 56.0
164.0 56.0
164.0 56.0
151.0 103.0
151.0 103.0
151.0 103.0
151.0 103.0
151.0 103.0
151.0 103.0
151.0 103.0
151.0 103.0
151.0 103.0
151.0 103.0
151.0 103.0
151.0 103.0
151.0 103.0
151.0 103.0
151.0 103.0
151.0 103.0
151.0 103.0
151.0 103.0
151.0 103.0
151.0 103.0
151.0 103.0
151.0 103.0
151.0 103.0
151.0 103.0
151.0 103.0
151.0 103.0
151.0 103.0
151.0 103.0
151.0 103.0
151.0 103.0
151.0 103.0
151.0 103.0
151.0 103.0
151.0 103.0
151.0 103.0
151.0 103.0
151.0 103.0
151.0 103.0
151.0 103.0
151.0 103.0
151.0 103.0
151.0 103.0
151.0 103.0
151.0 103.0
151.0 103.0
151.0 103.0
151.0 103.0
151.0 103.0
151.0 103.0
151.0 103.0
151.0 103.0
151.0 103.0
151.0 103.0
151.0 103.0
151.0 103.0
151.0 103.0
151.0 103.0
151.0 103.0
151.0 103.0
151.0 103.0
151.0 103.0
