0: 76.0 82.0
76.0 81.0
76.0 81.0
76.0 81.0
76.0 81.0
76.0 81.0
76.0 81.0
76.0 81.0
76.0 81.0
76.0 81.0
75.0 81.0
76.0 81.0
76.0 81.0
76.0 81.0
76.0 81.0
76.0 81.0
75.0 80.0
74.0 79.0
73.0 79.0
73.0 79.0
71.0 79.0
69.0 81.0
66.0 81.0
63.0 83.0
60.0 83.0
57.0 85.0
55.0 86.0
52.0 87.0
50.0 86.0
50.0 86.0
48.0 85.0
47.0 83.0
47.0 83.0
47.0 83.0
47.0 83.0
47.0 83.0
47.0 83.0
47.0 83.0
47.0 83.0
47.0 83.0
47.0 83.0
47.0 83.0
53.0 28.0
53.0 28.0
53.0 28.0
53.0 28.0
53.0 28.0
53.0 28.0
53.0 28.0
53.0 28.0
53.0 28.0
53.0 28.0
53.0 28.0
53.0 28.0
53.0 28.0
53.0 28.0
53.0 28.0
53.0 28.0
53.0 28.0
53.0 28.0
53.0 28.0
53.0 28.0
53.0 28.0
53.0 28.0
53.0 28.0
53.0 28.0
53.0 28.0
53.0 28.0
53.0 28.0
53.0 28.0
53.0 28.0
53.0 28.0
53.0 28.0
53.0 28.0
53.0 28.0
53.0 28.0
53.0 28.0
53.0 28.0
53.0 28.0
53.0 28.0
53.0 28.0
53.0 28.0
53.0 28.0
53.0 28.0
53.0 28.0
53.0 28.0
53.0 28.0
53.0 28.0
53.0 28.0
53.0 28.0
53.0 28.0
53.0 28.0
53.0 28.0
53.0 28.0
53.0 28.0
53.0 28.0
53.0 28.0
53.0 28.0
53.0 28.0
53.0 28.0
53.0 28.0
53.0 28.0
53.0 28.0
53.0 28.0
53.0 28.0
53.0 28.0
53.0 28.0
53.0 28.0
53.0 28.0
53.0 28.0
53.0 28.0
53.0 28.0
53.0 28.0
53.0 28.0
53.0 28.0
53.0 28.0
53.0 28.0
53.0 28.0
53.0 28.0
53.0 28.0
53.0 28.0
53.0 28.0
53.0 28.0
53.0 28.0
65.0 88.0
65.0 88.0
65.0 88.0
65.0 88.0
65.0 88.0
65.0 88.0
65.0 88.0
65.0 88.0
65.0 88.0
65.0 88.0
65.0 88.0
65.0 88.0
65.0 88.0
65.0 88.0
65.0 88.0
65.0 88.0
65.0 88.0
65.0 88.0
65.0 88.0
65.0 88.0
65.0 88.0
65.0 88.0
65.0 88.0
65.0 88.0
65.0 88.0
65.0 88.0
65.0 88.0
51.0 93.0
39.0 96.0
37.0 96.0
37.0 96.0
35.0 94.0
35.0 90.0
34.0 87.0
34.0 87.0
34.0 87.0
34.0 87.0
34.0 87.0
34.0 87.0
34.0 87.0
34.0 87.0
34.0 87.0
63.0 27.0
62.0 26.0
59.0 24.0
59.0 24.0
58.0 25.0
56.0 24.0
55.0 24.0
51.0 24.0
48.0 23.0
47.0 23.0
47.0 26.0
47.0 31.0
47.0 31.0
47.0 31.0
47.0 31.0
47.0 31.0
47.0 31.0
47.0 31.0
47.0 31.0
91.0 49.0
95.0 49.0
99.0 52.0
101.0 52.0
102.0 52.0
103.0 51.0
102.0 52.0
101.0 52.0
102.0 52.0
102.0 53.0
103.0 54.0
104.0 54.0
104.0 54.0
104.0 53.0
103.0 53.0
103.0 53.0
102.0 52.0
102.0 52.0
102.0 53.0
102.0 52.0
102.0 52.0
102.0 52.0
102.0 52.0
102.0 53.0
102.0 53.0
102.0 53.0
102.0 53.0
102.0 53.0
102.0 53.0
102.0 53.0
102.0 53.0
102.0 53.0
102.0 53.0
102.0 53.0
102.0 53.0
102.0 53.0
102.0 53.0
101.0 53.0
100.0 52.0
99.0 52.0
99.0 52.0
101.0 52.0
102.0 52.0
102.0 52.0
101.0 52.0
101.0 52.0
102.0 52.0
102.0 52.0
101.0 51.0
101.0 51.0
101.0 51.0
101.0 51.0
101.0 51.0
101.0 51.0
100.0 51.0
100.0 51.0
101.0 51.0
102.0 46.0
101.0 43.0
100.0 43.0
100.0 42.0
101.0 43.0
100.0 42.0
100.0 42.0
100.0 42.0
101.0 42.0
101.0 42.0
101.0 42.0
101.0 42.0
100.0 41.0
100.0 41.0
100.0 41.0
99.0 41.0
100.0 42.0
98.0 41.0
99.0 42.0
99.0 42.0
100.0 42.0
99.0 42.0
100.0 42.0
100.0 41.0
100.0 41.0
100.0 41.0
99.0 41.0
100.0 41.0
100.0 41.0
99.0 41.0
99.0 41.0
99.0 41.0
99.0 41.0
99.0 41.0
100.0 42.0
99.0 42.0
99.0 42.0
100.0 42.0
100.0 42.0
99.0 42.0
97.0 47.0
95.0 51.0
96.0 56.0
94.0 59.0
93.0 61.0
92.0 62.0
92.0 62.0
91.0 60.0
89.0 57.0
90.0 56.0
89.0 53.0
88.0 51.0
88.0 50.0
89.0 49.0
90.0 48.0
92.0 44.0
92.0 41.0
92.0 40.0
94.0 39.0
94.0 39.0
94.0 39.0
94.0 39.0
94.0 39.0
94.0 39.0
94.0 39.0
94.0 39.0
94.0 39.0
94.0 39.0
94.0 39.0
94.0 39.0
94.0 39.0
94.0 39.0
94.0 39.0
94.0 39.0
94.0 39.0
94.0 39.0
94.0 39.0
94.0 39.0
8.0 3.0
8.0 3.0
8.0 3.0
8.0 3.0
8.0 3.0
36.0 50.0
38.0 57.0
38.0 57.0
37.0 61.0
38.0 61.0
38.0 60.0
38.0 60.0
38.0 60.0
38.0 60.0
36.0 63.0
34.0 67.0
34.0 67.0
37.0 64.0
40.0 63.0
41.0 63.0
40.0 63.0
40.0 64.0
39.0 64.0
38.0 65.0
38.0 65.0
38.0 66.0
36.0 65.0
37.0 65.0
38.0 66.0
37.0 66.0
37.0 66.0
38.0 66.0
35.0 68.0
31.0 75.0
28.0 78.0
28.0 80.0
28.0 80.0
27.0 81.0
24.0 80.0
20.0 78.0
20.0 79.0
21.0 79.0
21.0 77.0
16.0 71.0
14.0 65.0
13.0 60.0
11.0 55.0
12.0 54.0
13.0 52.0
12.0 52.0
13.0 53.0
16.0 54.0
16.0 55.0
18.0 56.0
18.0 56.0
17.0 55.0
17.0 54.0
18.0 50.0
16.0 40.0
27.0 49.0
27.0 49.0
27.0 49.0
27.0 49.0
27.0 49.0
105.0 72.0
106.0 75.0
106.0 75.0
106.0 75.0
106.0 75.0
106.0 75.0
106.0 75.0
106.0 75.0
101.0 42.0
101.0 42.0
101.0 44.0
100.0 44.0
100.0 45.0
99.0 45.0
99.0 45.0
99.0 45.0
99.0 45.0
99.0 45.0
99.0 45.0
99.0 45.0
99.0 45.0
99.0 45.0
99.0 45.0
99.0 45.0
99.0 45.0
98.0 45.0
99.0 45.0
99.0 45.0
99.0 46.0
99.0 46.0
98.0 45.0
98.0 45.0
98.0 45.0
99.0 45.0
99.0 45.0
99.0 45.0
99.0 45.0
100.0 45.0
99.0 45.0
98.0 45.0
97.0 47.0
93.0 50.0
92.0 53.0
89.0 56.0
87.0 58.0
85.0 57.0
85.0 57.0
84.0 57.0
85.0 56.0
86.0 54.0
86.0 54.0
85.0 51.0
86.0 50.0
85.0 51.0
84.0 52.0
85.0 50.0
86.0 45.0
85.0 42.0
85.0 39.0
87.0 37.0
87.0 35.0
87.0 35.0
88.0 35.0
88.0 36.0
87.0 37.0
87.0 36.0
90.0 33.0
90.0 33.0
90.0 33.0
90.0 33.0
90.0 33.0
90.0 33.0
90.0 33.0
90.0 33.0
115.0 79.0
115.0 79.0
115.0 79.0
115.0 79.0
115.0 79.0
115.0 79.0
115.0 79.0
115.0 79.0
115.0 79.0
115.0 79.0
115.0 79.0
115.0 79.0
115.0 79.0
115.0 79.0
115.0 79.0
115.0 79.0
114.0 44.0
114.0 44.0
114.0 44.0
114.0 44.0
114.0 44.0
114.0 44.0
114.0 44.0
114.0 44.0
114.0 44.0
114.0 44.0
114.0 44.0
114.0 44.0
114.0 44.0
114.0 44.0
114.0 44.0
114.0 44.0
114.0 44.0
114.0 44.0
114.0 44.0
114.0 44.0
114.0 44.0
114.0 44.0
114.0 44.0
114.0 44.0
114.0 44.0
114.0 44.0
114.0 44.0
114.0 44.0
114.0 44.0
114.0 44.0
114.0 44.0
114.0 44.0
114.0 44.0
114.0 44.0
114.0 44.0
114.0 44.0
114.0 44.0
114.0 44.0
114.0 44.0
114.0 44.0
114.0 44.0
114.0 44.0
114.0 44.0
114.0 44.0
114.0 44.0
114.0 44.0
114.0 44.0
114.0 44.0
114.0 44.0
114.0 44.0
114.0 44.0
114.0 44.0
114.0 44.0
114.0 44.0
114.0 44.0
114.0 44.0
114.0 44.0
114.0 44.0
114.0 44.0
114.0 44.0
114.0 44.0
114.0 44.0
114.0 44.0
114.0 44.0
114.0 44.0
114.0 44.0
114.0 44.0
114.0 44.0
114.0 44.0
114.0 44.0
114.0 44.0
162.0 7.0
164.0 6.0
115.0 48.0
115.0 48.0
122.0 49.0
122.0 49.0
122.0 49.0
122.0 49.0
119.0 49.0
120.0 48.0
122.0 48.0
128.0 48.0
130.0 49.0
128.0 52.0
128.0 52.0
118.0 54.0
117.0 57.0
117.0 57.0
117.0 57.0
105.0 63.0
105.0 63.0
105.0 63.0
105.0 63.0
105.0 63.0
105.0 63.0
105.0 63.0
105.0 63.0
105.0 63.0
105.0 63.0
105.0 63.0
105.0 63.0
105.0 63.0
105.0 63.0
105.0 63.0
105.0 63.0
105.0 63.0
105.0 63.0
105.0 63.0
105.0 63.0
105.0 63.0
105.0 63.0
105.0 63.0
105.0 63.0
105.0 63.0
105.0 63.0
105.0 63.0
105.0 63.0
105.0 63.0
105.0 63.0
105.0 63.0
105.0 63.0
105.0 63.0
105.0 63.0
105.0 63.0
105.0 63.0
105.0 63.0
105.0 63.0
105.0 63.0
105.0 63.0
105.0 63.0
105.0 63.0
105.0 63.0
105.0 63.0
105.0 63.0
105.0 63.0
105.0 63.0
105.0 63.0
105.0 63.0
105.0 63.0
105.0 63.0
105.0 63.0
105.0 63.0
105.0 63.0
105.0 63.0
105.0 63.0
105.0 63.0
105.0 63.0
105.0 63.0
105.0 63.0
105.0 63.0
105.0 63.0
105.0 63.0
105.0 63.0
105.0 63.0
105.0 63.0
105.0 63.0
105.0 63.0
105.0 63.0
105.0 63.0
105.0 63.0
105.0 38.0
111.0 42.0
112.0 44.0
114.0 45.0
115.0 44.0
116.0 43.0
116.0 43.0
118.0 44.0
117.0 44.0
119.0 44.0
117.0 43.0
116.0 43.0
118.0 43.0
119.0 43.0
119.0 43.0
117.0 42.0
117.0 42.0
117.0 42.0
120.0 43.0
124.0 44.0
124.0 44.0
118.0 43.0
125.0 44.0
125.0 44.0
125.0 44.0
126.0 45.0
128.0 50.0
130.0 57.0
130.0 59.0
130.0 61.0
130.0 64.0
129.0 64.0
129.0 63.0
124.0 60.0
125.0 57.0
130.0 56.0
128.0 55.0
125.0 54.0
125.0 53.0
127.0 54.0
127.0 55.0
130.0 56.0
130.0 56.0
127.0 54.0
127.0 54.0
129.0 44.0
130.0 40.0
131.0 37.0
131.0 33.0
131.0 33.0
127.0 32.0
127.0 32.0
127.0 32.0
127.0 32.0
127.0 32.0
127.0 32.0
127.0 32.0
127.0 32.0
127.0 32.0
127.0 32.0
127.0 32.0
127.0 32.0
127.0 32.0
127.0 32.0
127.0 32.0
127.0 32.0
127.0 32.0
127.0 32.0
127.0 32.0
127.0 32.0
127.0 32.0
127.0 32.0
127.0 32.0
127.0 32.0
127.0 32.0
127.0 32.0
127.0 32.0
127.0 32.0
127.0 32.0
127.0 32.0
127.0 32.0
127.0 32.0
127.0 32.0
127.0 32.0
127.0 32.0
127.0 32.0
127.0 32.0
127.0 32.0
127.0 32.0
127.0 32.0
127.0 32.0
127.0 32.0
127.0 32.0
127.0 32.0
127.0 32.0
127.0 32.0
127.0 32.0
127.0 32.0
127.0 32.0
127.0 32.0
127.0 32.0
127.0 32.0
127.0 32.0
127.0 32.0
127.0 32.0
127.0 32.0
127.0 32.0
127.0 32.0
64.0 89.0
64.0 89.0
64.0 89.0
64.0 89.0
64.0 89.0
64.0 89.0
64.0 89.0
64.0 89.0
64.0 89.0
64.0 89.0
64.0 89.0
64.0 89.0
64.0 89.0
64.0 89.0
64.0 89.0
64.0 89.0
64.0 89.0
64.0 89.0
64.0 89.0
64.0 89.0
64.0 89.0
64.0 89.0
64.0 89.0
64.0 89.0
64.0 89.0
64.0 89.0
64.0 89.0
64.0 89.0
64.0 89.0
64.0 89.0
64.0 89.0
64.0 89.0
64.0 89.0
64.0 89.0
64.0 89.0
64.0 89.0
64.0 89.0
64.0 89.0
64.0 89.0
64.0 89.0
64.0 89.0
64.0 89.0
64.0 89.0
64.0 89.0
64.0 89.0
64.0 89.0
64.0 89.0
64.0 89.0
64.0 89.0
64.0 89.0
64.0 89.0
64.0 89.0
64.0 89.0
64.0 89.0
64.0 89.0
64.0 89.0
64.0 89.0
64.0 89.0
64.0 89.0
64.0 89.0
64.0 89.0
