0: 76.0 93.0
76.0 93.0
76.0 93.0
76.0 93.0
76.0 93.0
76.0 93.0
76.0 93.0
76.0 93.0
76.0 93.0
76.0 93.0
76.0 93.0
76.0 93.0
76.0 93.0
76.0 93.0
76.0 93.0
76.0 93.0
76.0 93.0
76.0 93.0
76.0 93.0
76.0 93.0
76.0 93.0
76.0 93.0
76.0 93.0
76.0 93.0
76.0 93.0
47.0 98.0
44.0 101.0
41.0 102.0
41.0 102.0
38.0 101.0
36.0 100.0
35.0 97.0
35.0 97.0
35.0 97.0
35.0 97.0
35.0 97.0
35.0 97.0
35.0 97.0
35.0 97.0
35.0 97.0
35.0 97.0
35.0 97.0
38.0 28.0
38.0 27.0
37.0 26.0
38.0 26.0
38.0 25.0
39.0 26.0
39.0 25.0
39.0 25.0
40.0 24.0
40.0 23.0
40.0 24.0
40.0 24.0
39.0 24.0
39.0 24.0
39.0 24.0
39.0 23.0
40.0 24.0
39.0 23.0
39.0 23.0
40.0 23.0
40.0 23.0
39.0 23.0
39.0 23.0
40.0 24.0
39.0 23.0
40.0 24.0
40.0 23.0
40.0 23.0
40.0 23.0
39.0 23.0
39.0 23.0
39.0 23.0
39.0 23.0
40.0 23.0
40.0 23.0
40.0 23.0
39.0 23.0
39.0 23.0
39.0 23.0
39.0 23.0
40.0 23.0
40.0 23.0
40.0 23.0
39.0 23.0
39.0 23.0
39.0 23.0
40.0 23.0
39.0 23.0
40.0 23.0
40.0 23.0
40.0 23.0
40.0 23.0
39.0 23.0
39.0 23.0
39.0 23.0
39.0 23.0
39.0 23.0
39.0 23.0
39.0 23.0
39.0 23.0
38.0 23.0
38.0 23.0
38.0 23.0
38.0 23.0
38.0 23.0
38.0 23.0
38.0 23.0
39.0 23.0
41.0 26.0
41.0 26.0
41.0 26.0
41.0 26.0
41.0 26.0
41.0 26.0
41.0 26.0
41.0 26.0
41.0 26.0
41.0 26.0
41.0 26.0
41.0 26.0
41.0 26.0
41.0 26.0
95.0 88.0
95.0 88.0
95.0 88.0
94.0 88.0
94.0 87.0
94.0 87.0
94.0 87.0
94.0 87.0
94.0 87.0
94.0 88.0
94.0 88.0
94.0 87.0
94.0 87.0
94.0 88.0
94.0 88.0
94.0 88.0
94.0 87.0
94.0 87.0
94.0 87.0
94.0 87.0
94.0 87.0
94.0 87.0
94.0 87.0
94.0 87.0
94.0 87.0
94.0 87.0
94.0 87.0
73.0 93.0
71.0 93.0
70.0 93.0
69.0 92.0
67.0 91.0
68.0 87.0
67.0 83.0
67.0 83.0
67.0 83.0
67.0 83.0
67.0 83.0
67.0 83.0
67.0 83.0
67.0 83.0
67.0 83.0
63.0 33.0
63.0 33.0
63.0 33.0
63.0 33.0
63.0 33.0
63.0 33.0
63.0 33.0
63.0 33.0
63.0 33.0
63.0 33.0
63.0 33.0
60.0 32.0
58.0 34.0
59.0 37.0
62.0 40.0
68.0 40.0
68.0 40.0
68.0 40.0
68.0 40.0
49.0 52.0
54.0 52.0
57.0 53.0
61.0 54.0
62.0 53.0
63.0 52.0
62.0 53.0
61.0 54.0
61.0 53.0
62.0 54.0
63.0 55.0
64.0 56.0
65.0 56.0
64.0 55.0
63.0 55.0
63.0 55.0
63.0 54.0
63.0 54.0
62.0 54.0
62.0 54.0
62.0 54.0
63.0 54.0
63.0 54.0
63.0 54.0
62.0 54.0
62.0 54.0
62.0 54.0
62.0 54.0
62.0 54.0
62.0 55.0
62.0 55.0
62.0 54.0
62.0 54.0
62.0 55.0
61.0 55.0
61.0 55.0
61.0 55.0
60.0 54.0
60.0 54.0
59.0 54.0
59.0 54.0
61.0 54.0
62.0 54.0
62.0 54.0
62.0 55.0
62.0 55.0
62.0 55.0
62.0 55.0
61.0 54.0
62.0 53.0
62.0 53.0
62.0 53.0
62.0 53.0
62.0 53.0
61.0 53.0
61.0 53.0
62.0 53.0
62.0 48.0
61.0 46.0
59.0 46.0
58.0 45.0
58.0 45.0
59.0 45.0
58.0 45.0
58.0 45.0
59.0 45.0
59.0 45.0
59.0 45.0
59.0 45.0
59.0 45.0
59.0 44.0
59.0 44.0
59.0 44.0
58.0 44.0
58.0 44.0
58.0 44.0
58.0 45.0
58.0 44.0
58.0 44.0
58.0 44.0
58.0 44.0
58.0 44.0
58.0 44.0
58.0 44.0
58.0 44.0
58.0 44.0
58.0 44.0
58.0 44.0
58.0 44.0
58.0 44.0
58.0 44.0
58.0 44.0
58.0 44.0
57.0 44.0
58.0 45.0
58.0 44.0
58.0 45.0
56.0 50.0
54.0 54.0
54.0 59.0
52.0 63.0
51.0 65.0
52.0 66.0
51.0 66.0
50.0 64.0
48.0 61.0
48.0 59.0
48.0 57.0
46.0 55.0
46.0 54.0
46.0 52.0
47.0 51.0
47.0 47.0
48.0 44.0
49.0 44.0
48.0 42.0
47.0 37.0
46.0 32.0
46.0 32.0
46.0 32.0
46.0 32.0
46.0 32.0
46.0 32.0
46.0 32.0
46.0 32.0
46.0 32.0
46.0 32.0
46.0 32.0
46.0 32.0
46.0 32.0
46.0 32.0
46.0 32.0
46.0 32.0
46.0 32.0
54.0 31.0
19.0 74.0
19.0 74.0
19.0 74.0
19.0 74.0
19.0 74.0
138.0 44.0
133.0 50.0
133.0 54.0
133.0 55.0
133.0 54.0
135.0 54.0
137.0 54.0
135.0 54.0
136.0 54.0
138.0 58.0
131.0 60.0
126.0 60.0
121.0 58.0
123.0 57.0
119.0 56.0
119.0 56.0
118.0 57.0
116.0 57.0
115.0 58.0
115.0 59.0
115.0 59.0
119.0 59.0
116.0 59.0
116.0 59.0
116.0 59.0
117.0 59.0
116.0 59.0
115.0 62.0
118.0 69.0
118.0 69.0
118.0 69.0
118.0 69.0
118.0 69.0
118.0 69.0
118.0 69.0
118.0 69.0
118.0 69.0
118.0 69.0
118.0 69.0
118.0 69.0
98.0 48.0
98.0 48.0
102.0 42.0
103.0 40.0
103.0 40.0
101.0 41.0
101.0 41.0
101.0 43.0
101.0 45.0
102.0 45.0
102.0 45.0
102.0 45.0
97.0 37.0
97.0 37.0
97.0 37.0
97.0 37.0
97.0 37.0
97.0 37.0
97.0 37.0
105.0 11.0
105.0 11.0
105.0 11.0
105.0 11.0
105.0 11.0
105.0 11.0
105.0 11.0
105.0 11.0
60.0 44.0
60.0 44.0
60.0 45.0
60.0 46.0
59.0 47.0
59.0 47.0
59.0 47.0
58.0 47.0
58.0 47.0
58.0 47.0
58.0 47.0
58.0 47.0
58.0 47.0
58.0 47.0
59.0 47.0
59.0 47.0
58.0 47.0
58.0 47.0
58.0 47.0
58.0 47.0
58.0 47.0
58.0 47.0
58.0 47.0
58.0 47.0
58.0 48.0
58.0 47.0
58.0 47.0
58.0 47.0
58.0 47.0
59.0 47.0
59.0 47.0
58.0 47.0
57.0 50.0
53.0 53.0
51.0 55.0
49.0 59.0
46.0 61.0
44.0 60.0
43.0 60.0
42.0 60.0
43.0 59.0
44.0 58.0
44.0 57.0
44.0 55.0
44.0 53.0
43.0 54.0
42.0 55.0
43.0 53.0
44.0 49.0
43.0 46.0
43.0 43.0
43.0 40.0
43.0 39.0
44.0 39.0
45.0 39.0
46.0 40.0
45.0 41.0
46.0 40.0
48.0 36.0
48.0 29.0
48.0 29.0
48.0 29.0
48.0 29.0
48.0 29.0
48.0 29.0
48.0 29.0
115.0 10.0
115.0 10.0
115.0 10.0
115.0 10.0
115.0 10.0
115.0 10.0
115.0 10.0
115.0 10.0
115.0 10.0
115.0 10.0
115.0 10.0
115.0 10.0
115.0 10.0
115.0 10.0
115.0 10.0
115.0 10.0
57.0 44.0
59.0 44.0
60.0 44.0
60.0 44.0
59.0 45.0
59.0 45.0
59.0 45.0
60.0 44.0
60.0 44.0
60.0 45.0
60.0 45.0
61.0 45.0
61.0 44.0
61.0 44.0
61.0 44.0
61.0 44.0
61.0 44.0
61.0 44.0
61.0 44.0
61.0 44.0
61.0 44.0
61.0 44.0
61.0 44.0
61.0 44.0
61.0 44.0
61.0 44.0
59.0 48.0
57.0 51.0
57.0 55.0
54.0 59.0
54.0 61.0
54.0 60.0
54.0 60.0
55.0 59.0
54.0 56.0
55.0 54.0
53.0 52.0
52.0 50.0
50.0 44.0
49.0 40.0
50.0 39.0
51.0 36.0
50.0 35.0
50.0 33.0
51.0 29.0
51.0 29.0
51.0 29.0
51.0 29.0
51.0 29.0
51.0 29.0
51.0 29.0
51.0 29.0
51.0 29.0
51.0 29.0
51.0 29.0
51.0 29.0
51.0 29.0
51.0 29.0
51.0 29.0
51.0 29.0
51.0 29.0
51.0 29.0
51.0 29.0
51.0 29.0
51.0 29.0
51.0 29.0
51.0 29.0
51.0 29.0
51.0 29.0
51.0 29.0
51.0 29.0
162.0 56.0
164.0 56.0
163.0 6.0
163.0 6.0
164.0 6.0
164.0 6.0
166.0 7.0
166.0 7.0
166.0 7.0
166.0 7.0
166.0 7.0
166.0 7.0
166.0 7.0
166.0 7.0
166.0 7.0
166.0 7.0
166.0 7.0
166.0 7.0
166.0 7.0
166.0 7.0
166.0 7.0
166.0 7.0
166.0 7.0
166.0 7.0
166.0 7.0
166.0 7.0
166.0 7.0
166.0 7.0
166.0 7.0
166.0 7.0
166.0 7.0
166.0 7.0
166.0 7.0
166.0 7.0
166.0 7.0
166.0 7.0
166.0 7.0
166.0 7.0
166.0 7.0
166.0 7.0
166.0 7.0
166.0 7.0
166.0 7.0
166.0 7.0
166.0 7.0
166.0 7.0
166.0 7.0
166.0 7.0
166.0 7.0
166.0 7.0
166.0 7.0
166.0 7.0
166.0 7.0
166.0 7.0
166.0 7.0
166.0 7.0
166.0 7.0
166.0 7.0
166.0 7.0
166.0 7.0
166.0 7.0
166.0 7.0
166.0 7.0
166.0 7.0
166.0 7.0
166.0 7.0
166.0 7.0
166.0 7.0
166.0 7.0
166.0 7.0
166.0 7.0
166.0 7.0
166.0 7.0
166.0 7.0
166.0 7.0
166.0 7.0
166.0 7.0
166.0 7.0
166.0 7.0
166.0 7.0
166.0 7.0
166.0 7.0
166.0 7.0
166.0 7.0
166.0 7.0
166.0 7.0
166.0 7.0
166.0 7.0
166.0 7.0
166.0 7.0
166.0 7.0
166.0 7.0
166.0 7.0
166.0 7.0
166.0 7.0
166.0 7.0
166.0 7.0
166.0 7.0
166.0 7.0
166.0 7.0
166.0 7.0
166.0 7.0
166.0 7.0
166.0 7.0
166.0 7.0
166.0 7.0
166.0 7.0
166.0 7.0
166.0 7.0
166.0 7.0
166.0 7.0
166.0 7.0
166.0 7.0
166.0 7.0
166.0 7.0
166.0 7.0
166.0 7.0
166.0 7.0
166.0 7.0
166.0 7.0
166.0 7.0
166.0 7.0
166.0 7.0
166.0 7.0
166.0 7.0
166.0 7.0
166.0 7.0
166.0 7.0
166.0 7.0
166.0 7.0
166.0 7.0
166.0 7.0
166.0 7.0
166.0 7.0
166.0 7.0
166.0 7.0
166.0 7.0
166.0 7.0
166.0 7.0
166.0 7.0
166.0 7.0
166.0 7.0
166.0 7.0
166.0 7.0
166.0 7.0
166.0 7.0
166.0 7.0
166.0 7.0
166.0 7.0
166.0 7.0
166.0 7.0
166.0 7.0
166.0 7.0
166.0 7.0
166.0 7.0
166.0 7.0
166.0 7.0
166.0 7.0
166.0 7.0
166.0 7.0
166.0 7.0
166.0 7.0
166.0 7.0
166.0 7.0
156.0 4.0
156.0 3.0
158.0 5.0
157.0 3.0
152.0 4.0
152.0 4.0
151.0 3.0
151.0 3.0
151.0 3.0
151.0 3.0
151.0 3.0
151.0 3.0
151.0 3.0
151.0 3.0
151.0 3.0
151.0 3.0
151.0 3.0
151.0 3.0
151.0 3.0
151.0 3.0
151.0 3.0
151.0 3.0
151.0 3.0
151.0 3.0
151.0 3.0
151.0 3.0
151.0 3.0
151.0 3.0
151.0 3.0
151.0 3.0
151.0 3.0
151.0 3.0
151.0 3.0
151.0 3.0
64.0 103.0
64.0 103.0
64.0 103.0
64.0 103.0
64.0 103.0
64.0 103.0
64.0 103.0
64.0 103.0
64.0 103.0
64.0 103.0
64.0 103.0
64.0 103.0
64.0 103.0
64.0 103.0
64.0 103.0
64.0 103.0
64.0 103.0
64.0 103.0
64.0 103.0
64.0 103.0
64.0 103.0
64.0 103.0
64.0 103.0
64.0 103.0
64.0 103.0
64.0 103.0
64.0 103.0
64.0 103.0
64.0 103.0
64.0 103.0
64.0 103.0
64.0 103.0
64.0 103.0
64.0 103.0
64.0 103.0
64.0 103.0
64.0 103.0
64.0 103.0
64.0 103.0
64.0 103.0
64.0 103.0
64.0 103.0
64.0 103.0
64.0 103.0
64.0 103.0
64.0 103.0
64.0 103.0
64.0 103.0
64.0 103.0
64.0 103.0
64.0 103.0
64.0 103.0
64.0 103.0
64.0 103.0
64.0 103.0
64.0 103.0
64.0 103.0
64.0 103.0
64.0 103.0
64.0 103.0
64.0 103.0
